132421342413214323414132132421341234321421431342124312342134231421341234214313243214132413241234321431241234123431242314213414231243213424132134214341231342132413242413123423414132312434213124124312343214321424312143124313242143123421431423123413243124123413421234123413421243123431241324132413242134321413243214213424312134124312343142132412341243214313241342124321431234321432141234321413241234124323142143142321342413123412434123132431241324124312434213214312342314241312341324143212342134124312431243231424312143213424312143124312432314312412342143231414231324124312432134
124312343421413212342314123423412143123413241234142314323412123421341324123412432143124321342143143214231324312423412134231421343412413212341234132412341234142321431243124321342314231421343124342141321243143214321243123423142143214313241243432143121423123424312134234121432314234124132134314212342413213414231423142312341423123421341432124312343142123413421342312413423214123421432134124312341243123434212314132413242314123413243412412341231432124313242413431232142431231412431432142312431243213414231423412312343124132412343214321412432143214324312134123431241234123421341234
132412432134312421342413143234121324123421431234143212342413231421342143214312434123432131243214143213241243123424131324124321341324134231241324142312431432132432141243132412341324132414231324213431242314132431423214123414231234241324131432132421431423123413241243214321341423241321341423124312434132123412431324214313421432142313243241231412341324214323142314123432143214143213241234234121341324132423412143142321343214324134212314123412342134124313243421213412431243134242131324213412432431314213242134132434212143124314231234123414321234124313421432142321431324213412434213
123413241234214321342134321421342314134242131423123412343214123431242143431212341234142342312341214314232143213412432134124312341234213414321324143212431324143212432314213432141234124312342314123412431234312432141423123414231324132414321234312421341342123421431432132414324213231412342143214312341234341214323214321421341423124312434312142312431234231413241243214312431234142312342134132412432314123413421234314241324213123413421234124341321243421312432134124321432413412312342143234132141234132412343241214323141234124312341243123412341423123412343214132431242431321424312143
213412432314142314321234132412341243124312341423132431242314213414231243241313242134214341232314312423413142314242132134312424131243213424131243413213241432312432143124213423142413132412341234123421343124231424131324213432412413213432141324124321342143213412343214123412342134132413241423413212342314123412343241321424313214132431241243123432141342132421341423134212342134132421431423123413241324123421432413124313241324132412432143132431423124213421434123231431241342124312341423214324131234213421341324213431424312413231241243142312431234124324134312413214323124312413241234
312421431243134242131432134241231243143234212314321412432314213412343142321412431234213413241234243121343421312412432143213413241324342134123214213412342143123421341234124312434132432124312143213423141234213421432134312431241342312424312143213412341324312414324312312421342314213434121234341232142314123421341432312412341243132412431243142341323124123432412341213412432134124313421243124321432134124321342134132412341243124323141423241323141342123431241234214321342413243121341423142312341324312412341423213414231243214312432134134213241234123421431324123421342314142314231324
132431421324312412341243124321341234123413242134312423141324312434121432123421341234123421343142432121341243214343212431412314231432413213243214142312432134123412341234124314321423231421342341214312432314123421343412123412431243213421342134124313241342413214323214213421341234214342131432123421431234241314321243132414324321231413242143412321341432321421343214124324314132123421431243124312432431213412342413431212431432412312342134312412342134124321341423214343214213231431242314132412342143132421431423134212343124314213241234231413421342123413424213214312432134213424134213
142312432134132413242143412313424132123413242134231412434213123412431423123412341342321412432134324142131423134232142314324121341423132421342413214321432134132423141234214312431324132432141432124324131243213431241234123431241342124323414231321414231324123432143214124342131234214312342431213432141234241312431243241313243124213412341234213421342143413212431423213412341423412312341324213412341243123432141234132414231324123412342143241312431432132432413124314231242314213423141243421323142413214314231243142324131324231413421324213412342143123432143124241341232134231421341342
312412341234213414324213123412431324132413242143124312342134124312343214142312434132321412341243123431242134134212343124134232412413123412432314123424312143234121341423241321342413142321342314213412341234213413242134231412343124213414321234321421431243241312343214241312431342124324131243241323141234312412343214124312431234134212341423132431421243132432413412312423141234214314232143123412432431312421431234213431242134134213243412124321343214234132142413142321342143124312434231241321431234123413243124231412342134132424131234132431241243213431421234132431241432123412431324
123424132413132421342431214312343124214313242314341212341243124343213214123414231234231421341234321421342143132413242134214312343124142324312143134212341324314212431243132412431234132412342314214313241423123431241324142321343124213413241234213421431243214314232413243142134213241321341324142342132134142321342413123423143421421312343142312414321234214321341234312424134123231431421324132413243421243121341234241312343421213412341234123432142143132413241324213412431243214323141243213421341234213421342341432131242134213414321234241321431324314231241432412314321243123412342143
123421431234142321432413123413241234123414323142413214321234213423141234213414231342421312431243124312341324123432141243431212432134123412434123132423142143123413243124231424313241321423141423213412341324241321341234142323141243214313242134132423141324123412343214123431421234132414324231214314234213142323414312143234121234123412431243213431423124214323142134123413421324213423143214213412341243123413421243231413242314123412431342321414321342123414232134123412341324123421342314132412341234132412341234241341232143231412434213123414324123134212343241231414232413412314231324
134231421243124321341234241313421342123414234213231421341423124312341234142323142134123424134312312412341324124324131432132421341234213412343214231413421234213424131243214313241234123412431234134213424132314212341234123412341243132432141342124323142143241314323142123432413214142312434231231423143214124312341324213432141324213432141423213423141234243131241423231424131234231431242134231412341234123412343142124312342134213413421234124321341324341212432143123414324123132421434312134213241234214312432143214343121324123421431234213413241324132414321234321421341342142321432143
214313242143132434121234142312431243231432141234213414231234312414324312124313421234213421343142324121343124123431423124123431243142123421343124321421341234213412341234132421431432124321431243124312343214214313243241213413241324312421342134132414232134132432142143124312431432132432141324123424134312321434123142132412342134132413243142123414321432312421432314132412431342432131241234213421342134312431242134324141232413123421341234142321341243123414234123412313242341423121342143124321341324142313241423142341231234124312434312132421341342123421343124214312341243234121432413
123431243142132412431324214314321423123412341234132423143124312432141423132421341243134231421243132421341243134243212143231414231423214323412314123413421324132414231234132421341324312432143142123414321234312421431243143213241234213421341243421321434123412321341234123414231243142323412134134212341234312421432314124313421324123412431342123421434132123432143124143212431342432131241432431232414213124313242134213432142314123424131423143214231234231412341243213432142134123424131234132412432134342131241243123412432134123412342134231431424312132421341234123414231243214312343124
231421434132124312342134312414232413123412341234123414321324231424131423134232143214123421342314123413241423241341231234321412432134231412431243142342131324241341323124123413423241234121341243123413243421231424131423134214324123231412434231314212431234213421343124314212341423124321342431213421341234134231242143231412431432124314231324231421434123214321431243132423142143124323414312314212341324123412341243234141321234142313241234214341321243132412342413123424131234214321341234123431241432124313241243123421341234324142132143213412341324314231241324321421434312314212342134
213424131234324141231234123421341342412312341234312412343412134213242314123412434213213432412413123412343124132431241324234141231432134212342314124312342143123413242314213414321234123431242134321413421324132412342314132431241234342121343241213432414213412321341243421321341423142312342413241341231324213414232134124312432134124314231234124313421342142321342314342134121423123421342143231412341234132421431432123412432134312412431423132412343241314214231423123414231324213423143142124314324213123412341324132414231243124314321234241312434213143241231423214313241243421321343214
342142312134231412431243134212341324243132143142312421434213413241321423123421341234132423141243142321431234214321341423134212431234324132142134231421431324214312342143421314232143123414232134231421341324132414323124123421342134123412431342123412434123134241231243214312341432321413241324213432142314213421342134124321431324124312341234321413243124213412431234132412343142132412432314213421341234132421341243132421343124142324131342314212342143124312431324213412341432312421341243132431421432412341231234321421431234321412431423214321341342124323141423431232142341214324131342
312421341243123412343124214312431243132413423124123414321243421314321243412312431423421321342134123412341324312421342413213421342134123423141324231421343214123424131243213421342143123412432143412312431234321413241423124314232134231423143412132421341234132432141324123412341423213412342134142314232143142342312134342132143124341214324231324121341324132431241234213414232134321413421234214321431423214312434213213421341234214323141243214313242134142313423412124312432143124321431324124321341234124321341234213413243124143212431423123412431234124341321324213412432143143212431324
312424134231213423414213123413241423214321431234231432142134241321431234321412431423213412432413213421431432423134121234123413423412124342132134214313242431231421432314214313242134123414234321241321431342413213421243412314231432412321341234342121432431213412434312314214321234132414231423123421431432134212341324123424314312142312342134123414321432134212341324134212343124312413243241412313424132132421342341412324132134231421342314213412432341214321431432321412431234132412343241241314324312123412342143213414234213134241232134241312341324213412343124213413421324123421342134
412312431324214314232143134212341324142314321324214323141234132412431234314212431342321421432413142321432134314241231324213431424321214341231324132421342134213412342314234121343124124321431324312413241234142313242413231421341324123412431234312434123412143212431234234131241243432132141243243131242143214312432134231413241234124314231324123421341234124312341432132413421243123412432314124312431234134212341432324123141234123412434132134243121243231432141432123412431432124341321234214312342143132414231234123421432413123434212134132431242314134213241432142323142134231431424213
132423413214214321341234213432141234321431421324132414321432142313242314143213241243241321431432123431242134243134121324241323142134312431424321213413421243213431241234124323143124214312342134123412431324124323141324143213241423123413242143243141324132143242312134123412342143213412431234213421431432123414231243123413241243132414232134214341231243124324132134124313421243213413241423213413242134124312431243123413241234213421431432124312431234123412342341234131241423431212434123124324132134231412341234123412341243231421341423213424131243231421431324124321432413143231421234
123434123142423121342314132432142314124312341234312424132413123413421243412312342413123413241234124321342413123413241234314212431423412324131324214341231432123421431243123414321234132412342134132412342413413212432413231412431243123431421342123412341243123413241423123431241324123412342134142312431234213423141234312423412134314242314213123423143214321431241234231424132134132432142134213423141324124321431234124312341243412312342134241314323124143213241423234121343214314234121234213431241234213431421423231431241243124313242314243124132134314231241423143214231234132412341243
143212431243124321434213234121431342142314321423124312434213143212341324124342312413132431241324124312342413134213243412134232141234142314321423214312431234214312341234321423141432321432141423214313421234321432141324213412431234214323141324243132412134132424312413241314232314213421434213412321432413241323141243412323141234234132142143134232414213134232143214321423412341412314231423142321342134123414323124241312431234123412341324132412434321213421343421342124134231213412342134123421343142341212341423213412341234142313241243231434123421421321431324213421431234312414321234
143242131234124321342341214312432134213413242134142321341234124321342431321421341324123421341324312423413214324124314213214312434213213431243241312432412143143243123214143242314123142312341243412312341243243131421234214321342314312421341324214342132143124312341342412321431234132432142314123412343124241323413241314212342143123431241234123424131243231424312134123413241234342131421243132432142143214312432413214323141423123412434132134231421234314212343142143214321432312412431423132414321243213421341432321421343241214312343421231412341324231421341234132421431243132413242143
142324131342143213241234142312432314231413241243132412431234213412432314321412341234142321341342124312341243123412341234123424131243123412431324124321341243421312431423421312343124123424134123143213241243214323141243134214321243213412431423123412343241312421343214134212341234312432141243214314234132132421431423213412341324124312432413213412432314314214323214143231242143123421342134132431241423123413241234132431421432431212432134214314232143123421432314123412432134132432412314132423141423123412431432143212342314213413241234123431242134134213243124142312431234341241324123
314232141234123424131423143232413214321421432143231421431342123414232134132434123241213423142413231412341234321414231423214314321234213421342143231431242143213412341243231414321423234131241243124313243412321414231234134232143142134213421342423131243124321412342143132412432143124321434132132413241423123421342431241321431243124314321243231413242314124312431432123431243142123421431324321413241324124312432143432121431423213413243241213412434231231412431423123412434213142321341234214342131243123413421423142341234231214312432314143212434123214313421243142341234132143212342314
142314231243132421342134321412431324213414232134142313421423143213242143132431421234231413421234124321341234314232142134312432141234132413421243214313242143124321343142132432141243213413243124143213241234214324132413123434212134132421342143132432412413123414321234213412341324123421341243432132141234123421432314123421431234231412342143213424132134321421342413231421434312123421341324341212431243124313243412143212431243132423142134324132143214214314232134312432412134143231242143241312432143213431421243132412341243123412432143241321341234123424132134213431242314124312431324
132434124231213424131234124343121234213414323124213421432134134212343214241312431234314212431324214313421432143212342143413214231234312431241234123412431342132412342413423142131423123421431324134242312134123421342134123412431423134241231342142323413124231421434132132423141324312434121234213413243124213421342413234142131423123423141234132413241234123421341234314212432134321421434123213421341423423121343124321432412134214313242413134212431234123421342134341243123124142312342413231431243124123413242143431231242143213412341243123424134213142312342314123414231324341212431324
142314231243134213241234123412341234234121342134214312341234214321432143124321342314132421343124342121343124321413241423412341321243214312434123213412432134312431241324312421342134123412342143213432141234132412432314132413421324321431243241421313421234124313241234124313243214243124131234134243213214213431241432312413243214234124313214132413421423231414232134132413421234214313242314142312341432132423143214231412431243241313241243123414321243213413242431312421341234213413424231312412341243413212431243124324312143134214323124213412431423243121341243132431243124321424134213
423131241324132413242134214342131324132412341234142313421324321421341234142323143124142323141432341232141243123421343142132414321243134212432134124341321324134212343124234121431432123423141324143214321243132412432341321413242341214312431324124312431432124321431243423121342134132424132134231414321234143213241324143232142143123423143124143231424123142324134312124321431324312421341243214313421243134214231234312421342134142341232341213412431243213412432314123432141423214314232431421314231234213431242143213421342143143231421324132434121423124314321234314212343124124312342143
124314231243142312343421321412431423213421342143123414321324124313423124243121434123213412341243231413241423213412342314321434121234142342314132132421342314132432141243213421341234123434121324143232143124123413241324132412434213132412343214213412431423243132141234312412432314134231242143132413241234312412434231432124132314213413243142132432141423123431421234214312431423213412342314132413242314132432141324132412431234134242131324124321341234214323141243214341231342123424132134123413421423132412342431214312431342342121431423142341232314314232143421234131241324231432141234
412324131324143212341234134231243124132412342134213423143142143234121324312423141342124312341432123421431324123421341234142314231342432143212143214312342134123412343214132431421234231424314132142312342134132421343214321421342143213421431234134212341423142312431243214312343214214313421324142313242143134212341234132412342314312414321342413241323124213412431423431242132134213421432134134214323124123412341234241341231342312414232134312421342143123423142314241341231243241324134213213412342143243131242134241313241234214312341243241314323241421313241234124323142314124314321423
124321431423134212342413123413421324312421432413214324131432314231242143214324132431312431241234312413242143132421342314243121431423132421341234134213243124213413241243132421341234231424131324123424312143213412342341241312343214214314321423124321341324213413243142143213241243423142132134123432143124123414321432124312341324231421342143241323143214312414231342124312431432124321342413231412434231213413242314321421342134214312431243231421431234321412342314134212342314213421434213124312341423123412341234213412431234241321341243413232143214213431241324234124132413421341232143
213413241234312421342314142313421423231431241234213421341423124321341234214312341234132412432143132414231234123421431234231421343124142312341423214321342134132431424132123412343214123413241234143242134213214321432413231412343214124312431423213421343412421321341423243131421243132421434132124314231324314214321324213423141423132412341234123421342134132412341234213413421423423142314132431241231243432121342143132413241324312414232134123414231234123414232143123431243124241312342134231413421324123424132143132423141423421321343124123423143214312421431243142312341324312431423214
124321341243134212431423431234213214123413241243213421431234341212341243124313241234213432142134213412342143123423412341231431243142312432143214231421341423132421342143412313243124314213241324124313241243123421343142132421431243123413242341213432143214231414234213142312434123123413423214132423141324241312341243432132412143123412342143123431241423213421341342142323141423143212342134142312343124312424132143134213242134132421431234132414232143132412342413123421341342143231241324132412343214321412431234214313241234132412341423123421431243214312432134241321341423213413421432
123421341423123421342134213421343124243123413124124321431324123414323124123412431234324121342134213413241243124321432413142321343142124341323142124312431342123423141324134213423142142314231324123432413124123412342134231421431324143212342413123412431234142321341324213434123214214341323241341231241234134212341234231413423421243131242134134232141342412341231243213421431342312424313124214312432134234141231423213414323214123431243124123423412314243121341324213421342143231423141324231414321234143212343142143213241324213434121324341234123241412314323124123421342143142312342143
123412341423143241321324213412341324214314321324124324131234213413421324123421341423132413241423213423141342312414231243421343214123123434121324132412341243142312341243123412341342421312341243124324132143421313243124214313241423241312432314124341231432314212341423213424312143214312432134124312341234124312342134321414232341231414231234124321432134123413241342413213241324234121341243412321341423412313424312321421431342132414231324134212431432413232141234231412431234134213243412312432142431213413423241314212342314243132143124341213242134231432141234123413241243123432141243
312421341243213412343142312412342143123431421324341212431234213432142413124312343142124323141234213413241234213412341234123423143214213413242314213431241234324121432134142314231234123423141423412321431243132413243214321431421423213412341234214321343124124321341342124341321243213423142341231421341324124321431243243141232134213423412143132412342134231413421324213421431423231414232134123413242134312424313142314232141234123421342314132414231423132421341423124312341234123431421234123421342134123421431234231413242134321412431234124321431423413241231234143212342314123421341234
213412434321243143213214231414321342123413241324142321431243142341231234234121431243123412431234341241231243241312342314241323141324243142131423123412432314314234121243214314231234123413241234123421434132314212343142312421432314142341324213132412434123213412431324214312434123213413242134123412432314214312341234124324131342123413421234124323142143231431423241241321434231213431242134134231421234241341321423231432141324123431421234312412342134213412343241231414231432421312432134143212434312123412431234214323141234214323414231213413421234213413421432314231241432134212342143
214321431234143212341423231432412134231421432314124314321234123412341342123423142341423131241432123421431324142321432143124321431243213412341423213414231423231421342134132414232134314231242314213412342413124312432143142342131324213414321243132432412143132413241324241324132134123414231234142323142314132424134312412342134213432123412143142312341234124341321423123413241423134213242134213423141423123413241234123431241243124313243124213412341234123412342431214313243142321421341423142314321342124341232314241312431423123412343214134212343214134214232134214321432314213431242314
231431241234312412434123421341234132321421341234341212431234123421431324241312342413142312434321214312342134213412432143214324132134143242134213123413243421213421431324124312342134341213421324142312432134231412341324142321432143213412342413213431241234134214321423241321341234214343123124314213421324134242312143413212431423142323141342132412341234142312431432123431242134123413241342123421431423132413421234231421341324134212434123243121432134213412431243142321432134312412432143142312431324231413241234123412341234123421341324231421341324123431242134314232141234234141232134
134232141432143212431324213421343124134213421324142313241324134232141324312412341342124312342134213413241423213413421324123421432143124313421243213421432134132432141243423124131423214314231423213412343142132412342413143212341432124314323142341231243124123412434132312421434132142321341234142314234132321412341432314241234321214324131243123413424213241313241243143212341234143232142134123414232134123413242134214313241234321413241234124321432134123414323214241312434132134234213124321431242134321434121234124321341234124314231243123424131324241312341342321414321243143212431243
123424131324213421343214314213241234243121341423231412431234132424131342134212432143124313421324241312432134314232141234132414234213132424312134124321434132124312341324124323141423214312431423124323141234123412343124314231423142124323143214132412341423234142131324124314234123124321343124132431241234123423141324321432142143213412342134143212341243124312431243124312343124312424134213213412343214231421431324213413243124134232413124132413421423142321341324321421434123143242134312123421343124123431241423213412434132314212342341213412342143243132414132412342131423123432413214
143232141324143212432143214321431423123412343214123413423124312412343142412314321432134231241324213421342143213413421324143212342413421312431324231413241432142312432134312412342134241313243214132421343124214313243214314241231243231432142413143212434132123413241432124312342143412341321342312432142143241312343241321431243241412342132134143214232134123431421423234121341324142321431324214312342134132424312314124341231324123413241234214312341234142314234132324132143142312414231243142312343142312412343124214313423214124314231234134212431432123413241234213412343124214314321243
124321341324312412432134123412432143213414231423132412343214124313243214124313241243412321342413214313421423124321341234341212434123123412432314214321432134342142131243213414231324142312343142132424131234214312432143123431241324124313242134143232141234132423143124214313241243231421431234214342313124213421432134142312343214132412342413124312431243241314323124213434213241213421431234134231241234312412341234124312341342312414231342412323141243412314231234321432141324321412431234123414234123143213421324213423142134214321341234214314231234142313421243123414231342123412343124
312413242134123414232134341212341342124323142134342131243142123412432134231431243142143242132134341234121324123414234213413213242134231421431234123432143124143213421423231414321324132421431342123412342143123414321324134241321342124312341243214341323412132412431423214321431243134212341234321423143142314232141243123423412341312421342134132423142314142312342413243123143124312432143124231414323214123421342431412312431234132424313142432132141234124341231243431212341234312421343124312414324132132421434123123424134123124323142134132421432413214341231243213414231243124312431234
123413241234132421431243231421342134132423141234132431241234241323142413412342131234241312431423213421341324123423142134341213241243132431241234213431241243123412341243123424132134123423141324132421342134134214231423412312342314123413242134213421341324143231241243123424132134124321341324241313241234213412342314321432412134314241231234123412342134314241234231234123142413123414234123124323141423412321341423143212432413421312341423213413241243231412342143213414323124214312342134312413243241213424131423123414232134321412342134234124132134132413242134214321431423142323142413
412313242413123413241423234131242341312423141243213431242134213412431324312431241234213421341423124321432134312421341432123412341243213424134132142313421342421323141243142312431342312412343214312413421234124321341243413213241234123424132143132413242143123423142134312413241324142314321234132421341234234142131324123412431234213421343124231424132314123431241324213421343124123413241243132424312314124312431342432141232134124342131243421314231234143231242134123431242314132431242134143212341423241312342134142312431342142312341324324121341342134241232134213432141243123412342143
213413241423123421431324142312342134124321341243143212341243124321343124132412343124213423412134132412342413124312431423213421342143214312343142431242131243423134121324123413421234241312431342123412343214132412434321321423142134132421431243213413241423132412341342123412432431423121342134213424132134132431242314124323142413132431241423213431241432123412431243124341231423123412342413123424131432314212434213124341321324142342131423142313242314124321341324241321342134214314231324123412342143431231243142142342131342314213242134214312431234134212342143123424131432134242131423
124314321234132412342143124313241234214321431432432131241423124341232134124312341423142324131342124341234231213431241342142321343124134231421243123423414123213412432134213431241342142342131234124313241234132432142134124323143124213431241234132423413214132414321423134231241234132412431324312421341234123412342314124314232134231432141234321413421234312412432341423131421324124312343241341232141423213412342143412312341423413241232413234123143214142321341342123414231342143231241342123413421243134212343412421324131234123431242134214312342314214313423412132413241324132431421423
124314321423132421341234214312432143124314321432134234212134214321341243124343124132123412342314123414231342342142314321423131243124124312343124143212431234321434121423134212431234213414232143214341231234132432142314124341231432142312342413213412341234234141323124123424132134123412431423132413241342314232141423134213421234123421431432421321342134132432414213123421342134213423142143213421431324123413241324123421341234124312343124213412342143132414321432142313421234124312342431342123414213213431421234312421431324231412342413124312431234213421341342124323141243234142131243
412312432143123423412143213421343214143243124123412313424123213421434213123431242431213431424123132434121324134214321234142321343214213414231423123412432134231421431423134212342134324121342314143213243124134214232314124313241423124313241234312424132134213421341234341213421432124321343214241324131234132412432134124313241342123432143124123412341423124312341324241324313214142342132314124321343124243121341234123414234312123413242143213431243124312412342134214312431432132412341234213421431324123421341423123413241243123414321243124324131243423141321234231413241234312413242413
324132141324142312341423231413241324213413241432132413241243423123141234213421341324312414231234142312341324123423412134214324131423214321342314213413242134132421432143134242132143123412341234213413242134213412341243213432141324124321341234213423143214123432413214124314232314321421431234124313241234123424132413214342131243134212341423132412342431241313243124231412341423132432142134214312342431243121432134213413421342124313242143213412432314213413242143132421431243142312431423123414231234231431243124132432141243213421342314321434213142132431241234123413242134132432141324
124312342134213421431423123421343214124342131243123414321234321414232134132421342134132412343124123431241234132423141234124313241234321431421243421324132413123423141324143212342431213414324213123412343142123431241324213431423124314231421243431231241423124312432134241313421234123421341324213432141423124321342413124312341243213432141243412321432134132423412413123412342314132431241432413212432413243141321234132423142341312412341243123414321234123412431324132412341243431234214213231432141234234124131243124312342431412323142431241313242134214314231234234142134132314212342341
214312341234123412432431214312432134314212341324124321431243132431241234123432143421231421434123213421342314123412343142412313241342123413242134213431243412134213421342124341231234142321343142423132142134134232414132132431242314123412341324132423141243143241232134231424132314123412431432321412341234314214232143214312431234143232143142123431423421312412341324213414321243213421341234132423141342124341232134214342131243142312431234213423143142123412342143231412343142132421341234123424312143124312431243123421431243213413243214123424131342123421431432312432412134241312431342
213412431234321421342134123412431243123413423142134242131423412313241423142321342314132413421243124341232134143213421324124312431234243121342134123421342143231421342314143242134213213414321234132413423214213412434312412321432314241312342134124321341234132413421234231412432143142313241423134214231324124323141234234131241234241343213142314232142134231414321324321431421342123421341423124312432314123413242143213413241423124321341243134213424123123412431234312423141423123423141342132412432143142324313124134212431423143241232134123432141324124312341324241312431243231413242413
214343123124134214232134124314231432324123142413123412432314231412343124312423413241214313424123124313243124123414231234124313423214341231421423142313421324213432412413231413243241321432413124142312431234134232143214321424132143431241231432132431424123213412341423213421343124123432141432412321341243413231241243241314231324243141231234123412431423213414321234321412431234214312431423214321341324123424131432431241231324123413241243231431242143124321341234124314231342421313241324231414231234314212341243412341321234214314231324314213421324123414323124312432143124123413421432
142321341432321424312413143212341324241312342134213421343214241313421324214313242314213421342314124312431243214321432413213414231234213421431234321423141432124313242134142314321234214313421234124321341324321412432431214321343421312412431324124324134123124312342134124323142431312431241324142313421423132421431234312424312143132432141243123421343214123431243412412313242431341212342314312424131423143213243142421321432143123412431432412312341423132423142314342121431243123414232143123421343142432124312413124312431243214321342143142314232134143212341234312412342134213431421342
142314231324123414234312342141323214241312431423431212431324213413421423431214231324123412434321214312341243413232143124314214323124312432141234132412432134124312431243413212342143142313423124213431423142132412432143213412432134241321341432142321342134124321342413213412431342324131242314234121341324124324131324132421341243123412432413132413242134213423412134123413243124132413423124123412342314213412341324142323142143231413242134213421343214214321431234314241231324312423414312123421434213124321432134124342313124213421431243123414231234123421342143132421341324241312342341
241313424312132431241243123414231432123412431234143242314231213413242143132423141234213412341324132412431234213413242314214312341432312412431234143212342134342121343124213412343214241323142134234141231234231421341324321412431234312421341243124321341234312421341243142321432431314214232314132412341234132412341243142312341243132431241342324132141324124312341234134212341243241323412314123412434231312412343214123424314312412323141423124341321324123412432341423141232341412313241243143231243124324141231324342142132134213414231423123412342134213413241243123432143214214342132143
213413241234132421343124124321342134213431243214132414321234142312431342134212432143132413421342143231421234132432141324314213241423123431241234312414321234132423141243231413242413413213242134132412431432134214231234132424131234231412341234132431241243213412431324143214321234124313241342412313241243423121432143214321431243142323142143123432142143243124132134312421341342412324314312142313242134213412431342421312341324243121341324312421431243124312432134234142312143134212341243421314231342312414321324231412431423231423143214213413241243142312431234314213421234142323143124
412312341342123431242314214323412314213412341342124313421234213412432134124312343142123414321324142321342413231413423142123413242143132412434312312414232431213413241234214321341432123421342314134212342143213413241423243124314123123413241324142321343124134212341234124341231234142312434132132421341243132412341234341214231324213414321432123414232143214312343124213413421243134213241234143214232143142313421234123412341234123414231243214313243124214321341324213424132134241342134123142314231243123412341243214321341324132412342314123413242143123423143412412312432134124341321423
124323413214124312343421214312341243231413424123214341321243123412341423132412341234142312432134123421342143123423414123241312432143231412342134213431241243413212341342432123143124213414234132124312431423213413242431432132412431231421432143143234124123123421341432132413423142341231242134312412342143132412342413134212341423412313423241321424134123213423412143231431421234124321341234123413241234214341232314213423142314312431423241231421343241312412431234123431423241413212342314321414323241213412431234231412431234124324131324214313243241421313242143132412343214142341232134
341212342143123421431243214321341234124312342341312432141432132413421324123432142413124324131243123412343142132412431234143214323124213412342134312412432134231412432341432132141243231413421234123412434123213431242134241321431324124312341342314232141234213414231423132412342143143212343214124324134132421321341342143212431342123421431423143213242314321423141342123423141234321431421423123412343124134214232413123434212143213414231234132421342143123414232143231412342134142314231243124324131243123413241234312412431234124343124123124313241423142314232143231432141324123413242341
124314231432123414232134124314231432123424131324124324313214341213421324213412342314241321341342123414232143124323143412143243123142132432142314124314323214123412431432132421342134132412343142421324134123123421431234124313241243123413242143214312432143423121341234142321341243214321341243214341231432123431242134124312432413234124134213124321431234213421342413213412434123213412341243213423143214132412434123241321341423214343124123231423142134132412341324214312341432124321341342312423412143123412434231312413241243423131421342312434121324231421431423132413241342312421432134
123412431342123412342413123412341324134241231243423124134132421312341243213414232341231432143214132431242134213412341234213424131324214342312413243132142413213421341243241323142143142314231234241341321234123412341243132421431234123421431234123431241423421313423214312412342314214321342134321421431342132423141234214312432134321414321324312414323142142323142134241324131243123421432134132421434231243132412341214321434231213412431243214312432314213431242314234124132413214321343142312421431243123412432143132423141423123421343241321413242314213413421324312414231324142341231234
124312434132143212431324132412432431214341323124312413242413213432141324123414234123214321431234124312432143123421432134312421342341421313424213124312341243132414324231321423143214213424313142142321341243412321341324132423412143123431423142142313241234321412341234213421343124123414321324342124134213124321343142142324132134143213241243132413242143214313241234214312434312312412432314312421341234143213424213413212341324143212431234324121432134142343123214312421431423421342131342143213241342431213241243132413241234241321432143143213241234213421434231213412342134123413421423
213412434213214312431234231434212134213414231234312421341243142313241342321412341243123434212134132414321324123421342134132421432134132413243142124312342134213423413214132431241342132413241243123421431234231412342143143214321243132413241324132421431243123413241234213413242143124312431342423134121342132421342341324132141423412324131423431231243142421312432134142314232314214321343124134212431423124312431243124321431243214312343124231413421324123412342143134212341234214321341324241341232134132431242431213413423142342132142143123421343124214321341342142323141234142312341234
124321341324124313421243143214232134132414324123214314323124312423412134213413421234214313241234213412431243213413242134142312341423143212341234231421432143143212341324213412341432132421341423123424313124123421342134321413241423421321431243231412343214123414321234231412431243124312342134312412342314241324313142312412341243213412343241214312343412123434121324321413241243143231241234321421431234321413242134213421432341213421431432431214323241412321343214132412431234142314231234324123141423214323142143412313241234124314231243241343124312413214231324123414231324214321431243
214321432134324123412314123412341324132421343241321412341234124321341234214321431324132413241234132414323142134231241324123413243124124312342134213412341342412313423142423121341324231431242143213421341423132424132134231414231432124321432134123423143124231413242143421314231423142341231324312412431324231412343142123413241324314212431243142312342431214312342134123412432143421324131234314213421423134212343421231431241423124343213124132421432143124313424123123412342134234132142341231413242134123431242341231421343124213413242314213412341243412323142134124321431243132432141234
231421434123124314323214132421341234312412341324234141234213123412432431231413241234132412431243142313242134124312341243123412341234213421431324142321432134312421432143231423143241213412342143123412341342413212431234142312432314321412341243214314231234132413242413132432142314214314231234123432141432312421431234231423141234241312341243213414321243143212341234321412432134132413242431214312342143231423143124132432142134214314231243214314232134312413243241312414321324132431241243124313242134213412342134214313423142124342131342312432141234312412431243213421341342312421342314
413212431324214323413214312412341243412321341324213412343124214312342143234121341243213431241342123421341423231432141234312431241243213424131423134241321342143241231234213421343124231412342134132431421342413212342134142312431423124342312143124312343142123421434123123412431324324131242134341242131243413213243421412341231342312413243124341234214312124321341342132414231423423134123214214314231234243121342341412324132134214312343142132431241234142312431324312424131324123413421234142321431423214312342413412312431342412321432413421313243142123412434213431213421234342124131324
231432141243132421341423241314231234213421434123142312341234314212431432132421342314132412431234124314231342123421343412142341231243213421342143214321341234234124132134124312432314123414231432124313242134214312342143123421432134231421432143132431421234123413243124341214323124214314321342321413242134143213421243123432142134132431242134132412341234124321341423231421341423124313243124321413243124123421341243213421341234324142131432124312341423123413241342123413241423123413241234124321432134134214231234213413241324312432142413213432141234142321341342421324134312134212432134
124342131423123414321324213412341342413212341324234124312143213413421243123412431423213413421234132423141324213413242143132413242314123431241342413212342341413214231432123421342143213421431234314241232134213412341243124341231324214312342143214313241243412312342134124321343142412313241234132421432134214323141324213421431432132431242134124313241324124321343214231431242314123413242134132413243142123431243214123412343412132412431234243131242143132413421234341214321324214312342134312431241234324121432143412312432134123434213124142314321234124313243124214321342314314212434123
231412341243134232141324231412342143132412431243214313241423412314232143134212341234132423141324231413241324213414232143124312434132432141232431312434121243134241232341321413242134123421341342421312341234123412431432431234121324214312432134132412432143123413241432142312341234321413424132123412431342123423141423124313242314123414231324124342132134123423141243142313241324123431241324312414232413234123141432142321431423123412341243231431421324312413241243214312434123142313243124321412431234214312341324314232412143213421341243431213241324123423412314213412342314123412341243
321412434123123413241234214313242431412312432431214312342314213421431243124314231324213421432143143231241234134214231234132431241234123414321243132414321324213413242143412321341243413232142143231423141243123421342143123434123124214324312143124314231342312412434123124312341423124321431234123434123124123412431234142342314132132421341234321421341432412312342143241312432134132421343124142313241423213413241324124314234123132413243124142312343142341213242134324131243124142321343124234132141234214312432143423142132143234131243421214313241234231412343412413212341234213412432314
123412342134324121341243123412431324231421432143123434214123123412342314132421341423124313242314143214232314142341321234321413243214132421431243134242314312132412342314142314231423214313421234124312341243214312342134124314231342143213421324231414323142321421431423214313241423132421341423134214231234213413421324231432142134213424132314241312341432134242131243143232143412124313242413123421341234214323142143134212342314132412431243214321431234123412342134132412341243213424313124124312431234312421341243412312342134214321343124132414231324213413423142314232141423132412343214
124312434123213412431234123413241243132412343214231413421324241321342314213432141234124312342134231424132134124312343421213421341324134212341234213421342314312412343142124314231243231423143124314214321423124321341423241321343142132412431243124314234123213412342134312412341243213432413124231423143124324121341432123413241234231412341234214321341423213421341243231423141243123413242314214313242314231412343124234131423124142312431432132412431234321412341324314231421432341213243124312421434213123432143214132424132413132432142134241321343142134212341423213431242143143212431324
214321431342132431241234143231241423124312432143143232142431213412431342143232141234231421341243241321431423213412341243234123414231314213242143231432412413142342313421341212342143134232142314132412431243213413242341213431241324124313421234123423412143123431241243132414234213132421341243142313421423123412431423123412432134124312343214134213243124214321431423134212431423142312341423132414232143132412434123123412432134142312342134132421431423231432143124123421342143132424132314124312343124124314232134214313241234312431421423132412432143123413242134134232141234132413241234
321423412134124312341234321412341324231421341243412313242134123412341243124312432314124312342143132414321324132413243124132431241324324124312143213412431432124323142134241323141234132431243124231434123124241312342134321423142143213421343142124321341324132421341243241312341243123414321432142341321234124321341243241313421423142321342134213421431423124312341243421313243214132412431234213412432134214312431243132413241342312421341234143241232134132421341243132414232143241312431234132421341234213412341423431241321423123413241234134231241324324131241243421313241243132424312143
214321341324214312432314124312341324213412341423123434212134214342312413142321432134124321432143412312343124213421341234134242131324142313243124123421342143421312432314213421342314214323142134124313241324234142312341213432143124124321342134342121342314214312341234213424132143231431242314142314231324124321341234143212341234132414234321321412341423231431421423231421341243213412342134123421341234213413242134214312431324124343123142123421432341213432143124312431241234213423143142134212342134132423142413412314231324132434124123234132141243123431241423123413424132123431421432
213414321324213413241234142313424213413241323214312432141324124313421243123432141234124323142413132414231423134212342413213412431234143213421234213421341324321432142134123421431324142314231234123421342134143231421234312413241243412313421234143234123241214312341423132412343124214312341243214321341234142323143142321413421234234143212431314232143124231413241243132414321243214321342143132413421243421341232134142313242413213413421324132412432314214314321432142342132143142321341243134213242431214321431243132412341234124342134213412312434213143231241432124313421324123414231324
124313242134214341231243124341324213213421432143142314234321213412431234124321341243214314231243134213242314213423141324314212343124124324132134123421341423142313423124312412341432341242131243243132141324213412341243132413243142321421341423123412431342123414231324143212431342314213421234241342131342321414321243214312341324123431421243123412342134123423412134321421432143143214234132123412343241412321434312412313242143213412342314321412341423213414232143132412432134123412343421312431421234142321341243132412341324132413421432124341232314123412341324143214231324124314324213
123412341243123432413124213431241423124314231324321432142134124314232134214313242314231432142134124342132143132431242143123412341234142341231423213414232431312412341234231431242134342141321234312421432134312434121243132421343142413212431234124321434231314241231423213414231243231424312134214312431243132423412413124321341324142321432134312412431423123412341243213432142134123421343412124321341324231421432143123412341432423141321243124314232413132421342134124312342314214312341243142314234213132432141324321424134123123421343214134212341243123423141432132421432143421324132431
213421343142132412341234124312341324143213243142124313421342123413243214142323142134213412341234214324132314213423141243123412341234142313241234123414232314213421341234213412341243143234121234312432142143132431242431412313241234132412431432324123143214321413424123421312343241213412341234241312343124213413421234124312431234213424131243412312432143123421431234123432143124243124313421214313243124143242132134312423141423134214324231241312342143412342132134123412432143412321432134321412341432123432143214341214231234321421341243132412342314214312341342132421341243213421341423
213423141234124321341234123412431243213412343412124324134312123421434213213421432143231431423142413213242314123421341243241321342341214323414123142312431234123421432143214342132134234142131243132413242134134214323241213412431324123412434123214312431243214342132314321413241432314241232134214341324123123413421324142321341243132423414213132421431423214314231423421312341423412313241324134214323142432131241234134214231243124312342134312431242413213421432143413241232134213413242314321423142143132413424231314212431342321431242134134212343124143241321243214321341342123413241234
123421431432321423143124132421341234132414323214123431421324142314321234213412341423241321431423124321341324214313421234231412432314124312343412421312341243123421341234214321341324234123142314314212434132341213421234321432141243213412434123234142132143412321343214123423143124123412341423231424132134214321342314213412341243213414234123124312432143142324132134213423143214312414232134134214232143123414231324123421342143243121341342124321341324213413421234241313243214321434124132124314231243123424132134132432141342132412431423214321431234123412341234142321342143123414232143
324134121423123423141243214324132134312423142413231414321234321421341243214313242413124313242143142312341234214314232143413213241234124312341234124323414123234121432314213421341243143243212134132423142431234123141324124321341324213421342134213414232134231412341432142323412341321431424213132423141342123423414213143212431342132412343241314231241432312434213412412313243142412323141324213421341342123413241423214321341234123421431234234123142143231414232413231432141234213424313142123412432143123431242134132412343214213412342314213413241324321421342134241313242341213431241234
312413241342143241321324312412343421213423141324142313242134213432413214312424131243123412341423214312342134214312341243243131241423142323141432123412342143413232141243231424131423231423142134231413243124241313421423213421431243241321342143214314321423124312341234123412434132421312343124214341323124321412341234132421432134132413242143142321343124132424314231312412341324312412342134143212431324241313243214124321431234123412434123142312341234132412434321421314232134123413243124123431243124234141232314234121432134213412341243123414321243132412431324241321431243123432413214
214313243124214321341234243141324213132412432143143212343142142314232314243121431243132421341423142321431234214324131234321431241423421312341234143213241234124342312134124313243412431232141432412312343421431231424312142342131324214341231324213421431324142321342134214313241234132423413214312432143421214323412134124312341423124312431324214312431243214321341324132413241324142312342413134212341234213412341243123413421324213414231234132414324123142341324132312412342134321413421234213412343124241312342143132421343124213431421234321424314213412321432314143243124213142314231234
432124132143134232142134124321431342124312341234241313242134123421434123431212431234241321431432123412431324213421431432124323414123412323142143214321342143124312431243124314231243421312432134132431241243123431243241214341321234213412341342312412431234214321342134231421342413241312341324134232142413124323142134124321342143214313423214132423142431312421431234231431241342123412342143213412341234142321342143432131241324143214232143123413241432421312343241214343212134123414321432123413423214231431241234132412434132314212343124241342314231342132141324124312343214123421432134
123421343124124312341234123414321324124321341243413242312143214323413214231424134231413213242314124314231324134212343241341212341423132431243214142321343214123421431234231414231243142312343124341212434123124313424213124323142314231432412134134231243124123421431234213421341243134213241234142312431234123423413214123413421423124324132134124324132413123412432143213424131243431212343124142312432143123421431234312413241243123414321324123432142413214323141342312421431324234121341243143212431243123413241324123412342143124342132413421321431324123413421432123431423214124323141234
123421434213124312431432421313242314213413243421423134121423123421431234213423143142312414234312123413424132142313424312124312342134132412343142312413423214213413421423213412431234312423413142321413241342123421431243413212341234123413424213134212343142123414231234132421431324142312343124321421341243231414232143412323142431312413421234123412341234231412432143142312432143123412341243213412342134123412342134142323143241312421342143143212341234123412434321241324131342132412432134123414323124123414232143132424312143231412342143142323412134243121431423123413241324124324314312
314242131324321432413124314213423124124342134213123412343412123414231243132421341423231412342134213423141432124312431423213413423142132431241324123421343142123431242134124321341324321432141234132412342314134214323214231412341234214312341234234121341234123413423124132424312143214313421324214321342314124313424132132412342143213431241243132412343214123421342143213421342134213421343124234131241324132432142413243124131234132423142431214341231423123421431342341212431432123413241234124312343214324121434123123412341324312421431243124312434132321413241324213431243142132421341243
214323143214214312343214132412342143132434121342412312343214142321432134123412431432412321434213134214231432123423142314231412434213142313421243214324131243132413421324213414231234213412431432142341231432312421343214124313241234214341231234231412341423123414232431312412432314123412341234132421431234123421432134123421431324241313421243124312341432123413421324132431243214123412341243214312342134312432141324214341321423213431241342134212343124213432414213231421434312124321342341214313243142123421431243214312434213231414232134134231242134134213241243432142131423123421342134
124312341234124321342143213413241324231423141324213412341243124312341234231424132134124312341234231424132431214321431234123412342143123413423214134213421432412324132314142324312143124341232143213424132143123421341342123414231243213421434123132421341234231413421234124312342314124321341234123432143142342132142143231421342134321423413142123432141324241323143124321412431342142323142314214321431432142312341234123432141243142314231324132413242134134212343124134212343214123412431243123421341324132414231243213413241324231421341324321412431342134241234123134212342134123431241243
124323141234132424134213132421432143243131242413231412431234243142132134124312342134132431421324213421341234321412342143124312341234124321342314324121342314214312341234321412342134123412434123213412343124123431424213123413241234214314323142132423412134321432141423412314324213123431242134214321342143421314323124341231421234213431241432132412431342413212432134124341324231243134213214213412431234231421432134124321431423124312432341421324131423421321431423412314232314321421431324214321342341312413421432132421431324314241231234231421341423142321431243124312341234123412431234
132412341342324141323214214321342413143243212143231423143124312414231324132432142314143213421432312412432143132424131324132413241432132432142413213412343124124312341234324134121243214323412143134234121324243121432314123412341234123431424312143212432413142314321243231432414213123434121234341214231234132412343214132412341423124321432134142321432431421321434213421312341234123431242143124324131324214313241324231421341423412342131243231421431243124312341243142313241234312412432413124321341243213424131243123424131243123414232134342143212413143232141234231413241234123431241234
321412431243231412342134142341232134214342132413213413242413241312432143142312434132123421341243124312341324321431242314123421341234214312341423213421342134312412432134123431243124123412432134124314231324124314231234143212432143123431421243134214231342123424313214314212431423124321431423213431423124124313242143124321431243231413241243123413241423123413241243134214323214314213241324321412432134143214232134142312341324241312431243213431424123123421342143213412341243143212431423124314234123231412343124132413421234312414321423142323141234231421342314123412342143213413241324
124312343421312421343214214312343214213421432134123412341234124312341234142312342413214312342431213434121324124312341234213412431423142321342134314232412413231424312134214341321243214324313124143241232314213414232413123434121342321431423124123412434123142314321243124324131243123412341432134213241324213414232134312432141234143212431243123421342134124312342413123424131423134212342134231414231423132423143214123414232314124321341324312423142431213421341234314212342134243131242341341212432134124323413214214312341243123431421243421342312143214321342413124314321243124343121234
